California DeLorme Challenge (Northern)[GCHANH] Page #
https://www.geocaching.com/geocache/GCHANH_california-delorme-challenge-northern?guid=0ed51790-46d9-4d27-bdec-c2893dc19174
42.009722,41.500000,-123.937500,-124.375000,Page 22
42.009722,41.500000,-123.500000,-123.937500,Page 23
42.009722,41.500000,-123.062500,-123.500000,Page 24
42.009722,41.500000,-122.625000,-123.062500,Page 25
42.009722,41.500000,-122.187500,-122.625000,Page 26
42.009722,41.500000,-121.750000,-122.187500,Page 27
42.009722,41.500000,-121.312500,-121.750000,Page 28
42.009722,41.500000,-120.875000,-121.312500,Page 29
42.009722,41.500000,-120.437500,-120.875000,Page 30
42.009722,41.500000,-119.998056,-120.437500,Page 31
41.500000,41.000000,-123.937500,-124.375000,Page 32
41.500000,41.000000,-123.500000,-123.937500,Page 33
41.500000,41.000000,-123.062500,-123.500000,Page 34
41.500000,41.000000,-122.625000,-123.062500,Page 35
41.500000,41.000000,-122.187500,-122.625000,Page 36
41.500000,41.000000,-121.750000,-122.187500,Page 37
41.500000,41.000000,-121.312500,-121.750000,Page 38
41.500000,41.000000,-120.875000,-121.312500,Page 39
41.500000,41.000000,-120.437500,-120.875000,Page 40
41.500000,41.000000,-119.998056,-120.437500,Page 41
41.000000,40.500000,-123.945833,-124.391667,Page 42
41.000000,40.500000,-123.500000,-123.945833,Page 43
41.000000,40.500000,-123.062500,-123.500000,Page 44
41.000000,40.500000,-122.625000,-123.062500,Page 45
41.000000,40.500000,-122.187500,-122.625000,Page 46
41.000000,40.500000,-121.750000,-122.187500,Page 47
41.000000,40.500000,-121.312500,-121.750000,Page 48
41.000000,40.500000,-120.875000,-121.312500,Page 49
41.000000,40.500000,-120.437500,-120.875000,Page 50
41.000000,40.500000,-120.000000,-120.437500,Page 51
40.500000,40.000000,-123.956389,-124.416667,Page 52
40.500000,40.000000,-123.500000,-123.956389,Page 53
40.500000,40.000000,-123.062500,-123.500000,Page 54
40.500000,40.000000,-122.625000,-123.062500,Page 55
40.500000,40.000000,-122.187500,-122.625000,Page 56
40.500000,40.000000,-121.750000,-122.187500,Page 57
40.500000,40.000000,-121.312500,-121.750000,Page 58
40.500000,40.000000,-120.875000,-121.312500,Page 59
40.500000,40.000000,-120.437500,-120.875000,Page 60
40.500000,40.000000,-119.995278,-120.437500,Page 61
40.000000,39.500000,-123.937500,-124.375000,Page 62
40.000000,39.500000,-123.500000,-123.937500,Page 63
40.000000,39.500000,-123.062500,-123.500000,Page 64
40.000000,39.500000,-122.625000,-123.062500,Page 65
40.000000,39.500000,-122.187500,-122.625000,Page 66
40.000000,39.500000,-121.750000,-122.187500,Page 67
40.000000,39.500000,-121.312500,-121.750000,Page 68
40.000000,39.500000,-120.875000,-121.312500,Page 69
40.000000,39.500000,-120.437500,-120.875000,Page 70
40.000000,39.500000,-119.996667,-120.437500,Page 71
39.000000,38.708889,-123.500000,-123.770000,Page 72
39.500000,39.000000,-123.500000,-123.937500,Page 73
39.500000,39.000000,-123.062500,-123.500000,Page 74
39.500000,39.000000,-122.625000,-123.062500,Page 75
39.500000,39.000000,-122.187500,-122.625000,Page 76
39.500000,39.000000,-121.750000,-122.187500,Page 77
39.500000,39.000000,-121.312500,-121.750000,Page 78
39.500000,39.000000,-120.875000,-121.312500,Page 79
39.500000,39.000000,-120.437500,-120.875000,Page 80
39.500000,39.000000,-120.000000,-120.437500,Page 81
39.000000,38.500000,-123.062500,-123.500000,Page 82
39.000000,38.500000,-122.625000,-123.062500,Page 83
39.000000,38.500000,-122.187500,-122.625000,Page 84
39.000000,38.500000,-121.750000,-122.187500,Page 85
39.000000,38.500000,-121.312500,-121.750000,Page 86
39.000000,38.500000,-120.875000,-121.312500,Page 87
39.000000,38.500000,-120.437500,-120.875000,Page 88
39.000000,38.500000,-120.000000,-120.437500,Page 89
39.000000,38.500000,-119.562500,-120.000000,Page 90
39.000000,38.500000,-119.125000,-119.562500,Page 91
38.500000,38.000000,-123.062500,-123.500000,Page 92
38.500000,38.000000,-122.625000,-123.062500,Page 93
38.500000,38.000000,-122.187500,-122.625000,Page 94
38.500000,38.000000,-121.750000,-122.187500,Page 95
38.500000,38.000000,-121.312500,-121.750000,Page 96
38.500000,38.000000,-120.875000,-121.312500,Page 97
38.500000,38.000000,-120.437500,-120.875000,Page 98
38.500000,38.000000,-120.000000,-120.437500,Page 99
38.500000,38.000000,-119.562500,-120.000000,Page 100
38.500000,38.000000,-119.125000,-119.562500,Page 101
38.441667,38.000000,-118.687500,-119.125000,Page 102
38.000000,37.500000,-122.625000,-123.062500,Page 103a 
38.133333,38.000000,-118.483333,-118.687500,Page 103b 
38.000000,37.500000,-122.187500,-122.625000,Page 104
38.000000,37.500000,-121.750000,-122.187500,Page 105
38.000000,37.500000,-121.312500,-121.750000,Page 106
38.000000,37.500000,-120.875000,-121.312500,Page 107
38.000000,37.500000,-120.437500,-120.875000,Page 108
38.000000,37.500000,-120.000000,-120.437500,Page 109
38.000000,37.500000,-119.562500,-120.000000,Page 110
38.000000,37.500000,-119.125000,-119.562500,Page 111
38.000000,37.500000,-118.687500,-119.125000,Page 112
38.000000,37.500000,-118.250000,-118.687500,Page 113
37.500000,37.000000,-122.187500,-122.625000,Page 114a 
37.796944,37.500000,-117.866667,-118.250000,Page 114b 
37.500000,37.000000,-121.750000,-122.187500,Page 115
37.500000,37.000000,-121.312500,-121.750000,Page 116
37.500000,37.000000,-120.875000,-121.312500,Page 117
37.500000,37.000000,-120.437500,-120.875000,Page 118
37.500000,37.000000,-120.000000,-120.437500,Page 119
37.500000,37.000000,-119.562500,-120.000000,Page 120
37.500000,37.000000,-119.125000,-119.562500,Page 121
37.500000,37.000000,-118.687500,-119.125000,Page 122
37.500000,37.000000,-118.250000,-118.687500,Page 123
37.500000,37.000000,-117.812500,-118.250000,Page 124
37.500000,37.000000,-117.203889,-117.812500,Page 125
